# TGList_YSF.txt downloaded from http://www.pistar.uk/downloads/TGList_YSF.txt
# Sourced from PiStar.UK Update Server
# Please report issues at https://www.facebook.com/groups/pistarusergroup/
# File updated on Friday 9th of December 2022
00001;00001
00007;00007
00008;00008
00012;00012
00017;00017
00031;00031
00043;00043
00066;00066
00067;00067
00091;00091
00111;00111
00176;00176
00177;00177
00202;00202
00222;00222
00251;00251
00252;00252
00280;00280
00303;00303
00328;00328
00349;00349
00401;00401
00412;00412
00413;00413
00437;00437
00466;00466
00516;00516
00533;00533
00577;00577
00710;00710
00717;00717
00722;00722
00841;00841
00858;00858
00907;00907
00951;00951
00952;00952
00996;00996
01003;01003
01010;01010
01037;01037
01177;01177
01183;01183
01466;01466
01467;01467
01579;01579
01689;01689
01701;01701
01713;01713
01896;01896
01906;01906
01907;01907
01911;01911
01939;01939
02029;02029
02034;02034
02231;02231
02328;02328
02350;02350
02351;02351
02352;02352
02353;02353
02354;02354
02355;02355
02356;02356
02357;02357
02358;02358
02359;02359
02401;02401
02424;02424
02500;02500
02689;02689
02724;02724
02868;02868
02931;02931
02986;02986
03073;03073
03139;03139
03211;03211
03435;03435
03560;03560
03567;03567
03732;03732
03827;03827
03832;03832
04004;04004
04107;04107
04174;04174
04234;04234
04237;04237
04400;04400
04471;04471
04539;04539
04613;04613
04743;04743
04965;04965
05057;05057
05579;05579
05618;05618
05735;05735
06015;06015
06040;06040
06059;06059
06284;06284
06535;06535
06586;06586
06595;06595
06647;06647
06723;06723
06864;06864
06922;06922
06988;06988
07188;07188
07440;07440
07443;07443
07475;07475
07483;07483
07490;07490
07580;07580
07588;07588
07669;07669
07683;07683
07774;07774
07792;07792
07923;07923
07941;07941
07981;07981
08106;08106
08623;08623
08688;08688
08828;08828
08892;08892
09020;09020
09059;09059
09150;09150
09217;09217
09319;09319
09344;09344
09396;09396
09480;09480
09598;09598
09627;09627
09658;09658
09815;09815
09823;09823
09861;09861
10010;10010
10069;10069
10200;10200
10231;10231
10459;10459
10518;10518
10670;10670
10707;10707
10745;10745
10752;10752
10832;10832
10974;10974
11091;11091
11096;11096
11102;11102
11111;11111
11143;11143
11146;11146
11193;11193
11304;11304
11650;11650
11689;11689
11714;11714
11719;11719
11881;11881
12014;12014
12018;12018
12096;12096
12230;12230
12345;12345
12461;12461
12479;12479
12508;12508
12519;12519
12829;12829
12920;12920
13070;13070
13100;13100
13111;13111
13120;13120
13124;13124
13322;13322
13339;13339
13344;13344
13390;13390
13440;13440
13458;13458
13513;13513
13827;13827
13897;13897
13908;13908
13946;13946
14019;14019
14054;14054
14187;14187
14248;14248
14275;14275
14293;14293
14561;14561
14711;14711
14843;14843
14927;14927
15043;15043
15401;15401
15425;15425
15461;15461
15495;15495
15583;15583
15642;15642
15687;15687
15742;15742
15783;15783
15976;15976
16226;16226
16274;16274
16337;16337
16368;16368
16390;16390
16437;16437
16511;16511
16530;16530
16664;16664
16666;16666
16719;16719
16726;16726
16728;16728
16799;16799
16848;16848
16909;16909
17035;17035
17077;17077
17202;17202
17206;17206
17222;17222
17535;17535
17644;17644
17810;17810
17947;17947
17950;17950
18044;18044
18045;18045
18126;18126
18145;18145
18164;18164
18165;18165
18255;18255
18276;18276
18289;18289
18470;18470
18480;18480
18503;18503
18550;18550
18781;18781
18807;18807
18829;18829
19053;19053
19138;19138
19469;19469
19525;19525
19577;19577
19628;19628
19649;19649
19650;19650
19669;19669
19813;19813
19941;19941
19952;19952
20012;20012
20070;20070
20201;20201
20211;20211
20223;20223
20236;20236
20281;20281
20343;20343
20587;20587
20698;20698
20780;20780
20801;20801
20868;20868
20882;20882
20998;20998
21009;21009
21042;21042
21235;21235
21310;21310
21335;21335
21401;21401
21403;21403
21405;21405
21406;21406
21430;21430
21442;21442
21493;21493
21505;21505
21511;21511
21566;21566
21752;21752
21887;21887
21909;21909
21972;21972
21988;21988
22003;22003
22031;22031
22127;22127
22201;22201
22203;22203
22220;22220
22222;22222
22235;22235
22237;22237
22258;22258
22288;22288
22337;22337
22400;22400
22401;22401
22402;22402
22403;22403
22407;22407
22487;22487
22504;22504
22539;22539
22601;22601
22676;22676
22852;22852
22884;22884
23018;23018
23020;23020
23053;23053
23160;23160
23201;23201
23215;23215
23426;23426
23427;23427
23436;23436
23450;23450
23490;23490
23500;23500
23501;23501
23502;23502
23503;23503
23510;23510
23511;23511
23520;23520
23530;23530
23531;23531
23540;23540
23550;23550
23551;23551
23557;23557
23560;23560
23565;23565
23570;23570
23580;23580
23590;23590
23595;23595
23636;23636
23740;23740
23741;23741
23944;23944
23957;23957
23964;23964
24033;24033
24157;24157
24389;24389
24415;24415
24465;24465
24542;24542
24543;24543
24730;24730
24862;24862
24943;24943
24995;24995
25001;25001
25011;25011
25018;25018
25048;25048
25383;25383
25393;25393
25523;25523
25574;25574
25603;25603
25605;25605
25617;25617
25650;25650
25901;25901
25902;25902
25985;25985
26001;26001
26045;26045
26112;26112
26168;26168
26201;26201
26207;26207
26235;26235
26368;26368
26446;26446
26447;26447
26451;26451
26455;26455
26499;26499
26537;26537
26541;26541
26550;26550
26625;26625
26626;26626
26787;26787
26801;26801
26802;26802
26906;26906
26973;26973
27003;27003
27048;27048
27075;27075
27111;27111
27187;27187
27239;27239
27402;27402
27625;27625
27654;27654
27715;27715
27746;27746
27793;27793
27797;27797
27815;27815
27841;27841
28235;28235
28292;28292
28298;28298
28328;28328
28340;28340
28377;28377
28401;28401
28505;28505
28600;28600
28603;28603
28659;28659
28688;28688
28777;28777
28978;28978
29058;29058
29073;29073
29114;29114
29178;29178
29324;29324
29368;29368
29625;29625
29725;29725
29806;29806
29890;29890
29930;29930
29961;29961
30051;30051
30099;30099
30270;30270
30300;30300
30317;30317
30350;30350
30362;30362
30398;30398
30406;30406
30444;30444
30458;30458
30550;30550
30658;30658
30887;30887
30906;30906
30998;30998
31001;31001
31002;31002
31037;31037
31059;31059
31069;31069
31177;31177
31181;31181
31207;31207
31238;31238
31266;31266
31301;31301
31302;31302
31378;31378
31444;31444
31585;31585
31620;31620
31672;31672
31855;31855
31910;31910
31968;31968
31971;31971
31973;31973
31977;31977
31983;31983
32027;32027
32343;32343
32384;32384
32453;32453
32474;32474
32592;32592
32642;32642
32748;32748
32875;32875
32888;32888
33015;33015
33028;33028
33573;33573
33703;33703
33730;33730
33975;33975
34108;34108
34299;34299
34300;34300
34604;34604
34610;34610
34697;34697
34722;34722
35010;35010
35015;35015
35119;35119
35569;35569
35691;35691
35733;35733
35739;35739
35763;35763
35926;35926
35946;35946
36037;36037
36039;36039
36240;36240
36250;36250
36252;36252
36318;36318
36522;36522
36650;36650
36807;36807
36940;36940
37021;37021
37030;37030
37102;37102
37274;37274
37283;37283
37358;37358
37398;37398
37500;37500
37664;37664
37722;37722
37733;37733
37808;37808
37815;37815
37832;37832
37865;37865
38145;38145
38238;38238
38268;38268
38300;38300
38363;38363
38400;38400
38426;38426
38442;38442
38469;38469
38481;38481
38532;38532
38635;38635
38654;38654
38758;38758
38801;38801
38900;38900
39034;39034
39369;39369
39407;39407
39423;39423
39444;39444
39510;39510
39815;39815
39864;39864
39930;39930
40034;40034
40062;40062
40283;40283
40387;40387
40396;40396
40422;40422
40438;40438
40464;40464
40538;40538
40557;40557
40594;40594
40806;40806
40874;40874
40946;40946
40969;40969
41120;41120
41373;41373
41444;41444
41562;41562
41576;41576
41577;41577
41619;41619
41945;41945
41996;41996
42118;42118
42164;42164
42206;42206
42233;42233
42274;42274
42356;42356
42424;42424
42725;42725
42819;42819
42890;42890
42994;42994
43056;43056
43108;43108
43114;43114
43173;43173
43210;43210
43287;43287
43389;43389
43499;43499
43513;43513
43537;43537
43546;43546
43610;43610
43672;43672
43715;43715
43944;43944
43953;43953
44047;44047
44081;44081
44174;44174
44208;44208
44209;44209
44212;44212
44298;44298
44305;44305
44444;44444
44513;44513
44644;44644
44708;44708
44742;44742
44904;44904
44919;44919
44967;44967
44977;44977
45047;45047
45094;45094
45165;45165
45290;45290
45300;45300
45309;45309
45591;45591
45641;45641
45679;45679
45715;45715
45742;45742
45871;45871
45904;45904
46000;46000
46001;46001
46003;46003
46004;46004
46010;46010
46027;46027
46055;46055
46083;46083
46142;46142
46301;46301
46353;46353
46411;46411
46468;46468
46513;46513
46516;46516
46531;46531
46666;46666
46677;46677
46684;46684
46981;46981
47040;47040
47046;47046
47247;47247
47270;47270
47331;47331
47384;47384
47567;47567
47789;47789
47791;47791
47792;47792
47946;47946
48010;48010
48012;48012
48042;48042
48064;48064
48179;48179
48188;48188
48348;48348
48375;48375
48460;48460
48581;48581
48598;48598
48857;48857
49037;49037
49082;49082
49235;49235
49711;49711
49716;49716
49869;49869
49892;49892
49993;49993
50113;50113
50135;50135
50246;50246
50281;50281
50455;50455
50501;50501
50535;50535
50536;50536
50565;50565
50595;50595
50659;50659
50820;50820
50919;50919
50971;50971
51028;51028
51030;51030
51123;51123
51135;51135
51149;51149
51265;51265
51380;51380
51505;51505
51518;51518
51520;51520
51522;51522
51547;51547
51583;51583
51642;51642
51701;51701
51759;51759
51866;51866
52008;52008
52077;52077
52470;52470
52616;52616
52639;52639
52690;52690
52705;52705
52742;52742
52845;52845
53001;53001
53033;53033
53055;53055
53086;53086
53148;53148
53245;53245
53278;53278
53414;53414
53594;53594
53696;53696
53927;53927
54182;54182
54326;54326
54634;54634
54635;54635
54644;54644
54799;54799
54919;54919
55015;55015
55102;55102
55121;55121
55134;55134
55295;55295
55338;55338
55435;55435
55466;55466
55546;55546
55697;55697
55812;55812
55817;55817
55857;55857
55958;55958
56026;56026
56429;56429
56446;56446
56868;56868
56899;56899
57061;57061
57146;57146
57169;57169
57188;57188
57307;57307
57337;57337
57393;57393
57574;57574
57618;57618
57727;57727
57839;57839
57882;57882
58183;58183
58261;58261
58291;58291
58312;58312
58511;58511
58617;58617
58704;58704
58717;58717
58782;58782
59073;59073
59115;59115
59210;59210
59245;59245
59309;59309
59323;59323
59607;59607
59637;59637
59766;59766
59819;59819
59827;59827
59911;59911
59991;59991
60000;60000
60106;60106
60230;60230
60306;60306
60318;60318
60353;60353
60479;60479
60511;60511
60653;60653
60725;60725
60927;60927
60992;60992
61156;61156
61222;61222
61266;61266
61324;61324
61343;61343
61685;61685
62078;62078
62121;62121
62127;62127
62200;62200
62208;62208
62243;62243
62457;62457
62591;62591
62674;62674
62716;62716
62829;62829
62862;62862
62869;62869
62980;62980
63082;63082
63113;63113
63150;63150
63222;63222
63258;63258
63305;63305
63306;63306
63326;63326
63333;63333
63421;63421
63600;63600
63636;63636
63707;63707
63869;63869
63873;63873
64175;64175
64192;64192
64230;64230
64259;64259
64296;64296
64364;64364
64506;64506
64547;64547
64702;64702
65075;65075
65076;65076
65082;65082
65083;65083
65084;65084
65086;65086
65111;65111
65292;65292
65461;65461
65531;65531
65716;65716
65864;65864
65911;65911
65947;65947
65978;65978
66065;66065
66078;66078
66099;66099
66265;66265
66354;66354
66396;66396
66492;66492
66513;66513
66546;66546
66571;66571
66583;66583
66616;66616
66644;66644
66656;66656
66666;66666
66853;66853
67001;67001
67018;67018
67127;67127
67143;67143
67173;67173
67256;67256
67313;67313
67379;67379
67545;67545
67570;67570
67735;67735
67849;67849
67862;67862
67907;67907
68214;68214
68262;68262
68263;68263
68349;68349
68368;68368
68399;68399
68798;68798
68800;68800
68810;68810
68901;68901
68928;68928
69159;69159
69186;69186
69285;69285
69614;69614
69696;69696
69767;69767
69768;69768
69874;69874
69912;69912
70191;70191
70248;70248
70338;70338
70600;70600
70737;70737
70750;70750
70760;70760
70761;70761
70777;70777
70798;70798
71052;71052
71083;71083
71095;71095
71117;71117
71144;71144
71160;71160
71247;71247
71283;71283
71305;71305
71372;71372
71776;71776
71806;71806
71827;71827
71972;71972
71981;71981
72001;72001
72170;72170
72207;72207
72268;72268
72288;72288
72321;72321
72340;72340
72350;72350
72400;72400
72401;72401
72405;72405
72422;72422
72427;72427
72526;72526
72753;72753
72996;72996
73097;73097
73102;73102
73443;73443
73458;73458
73465;73465
73488;73488
73531;73531
73583;73583
73602;73602
73732;73732
73737;73737
73857;73857
73934;73934
73993;73993
74001;74001
74096;74096
74154;74154
74158;74158
74161;74161
74253;74253
74306;74306
74315;74315
74565;74565
74625;74625
74652;74652
74839;74839
74870;74870
74879;74879
75056;75056
75209;75209
75373;75373
75666;75666
75749;75749
75791;75791
75925;75925
75928;75928
76138;76138
76217;76217
76235;76235
76257;76257
76263;76263
76386;76386
76421;76421
76760;76760
76787;76787
76805;76805
76863;76863
76929;76929
77204;77204
77299;77299
77353;77353
77412;77412
77445;77445
77462;77462
77569;77569
77658;77658
77661;77661
77723;77723
77777;77777
77805;77805
77832;77832
78099;78099
78258;78258
78296;78296
78339;78339
78427;78427
78497;78497
78911;78911
78984;78984
79009;79009
79271;79271
79383;79383
79520;79520
79602;79602
79655;79655
79742;79742
79776;79776
79817;79817
79890;79890
80015;80015
80036;80036
80207;80207
80280;80280
80364;80364
80492;80492
80562;80562
80751;80751
80787;80787
80822;80822
80903;80903
80956;80956
80986;80986
81181;81181
81215;81215
81416;81416
81520;81520
81632;81632
81640;81640
81742;81742
81824;81824
82021;82021
82040;82040
82068;82068
82154;82154
82469;82469
82567;82567
82705;82705
82741;82741
82902;82902
82964;82964
83076;83076
83111;83111
83132;83132
83196;83196
83231;83231
83242;83242
83261;83261
83265;83265
83397;83397
83600;83600
83603;83603
83605;83605
83624;83624
83665;83665
83757;83757
83978;83978
84057;84057
84105;84105
84133;84133
84161;84161
84177;84177
84231;84231
84239;84239
84338;84338
84398;84398
84554;84554
84823;84823
84891;84891
84905;84905
84906;84906
84943;84943
85304;85304
85527;85527
85557;85557
85560;85560
85725;85725
85857;85857
85967;85967
86374;86374
86381;86381
86398;86398
86886;86886
86930;86930
87215;87215
87318;87318
87400;87400
87403;87403
87573;87573
87648;87648
87656;87656
87658;87658
87708;87708
87846;87846
87939;87939
87999;87999
88084;88084
88194;88194
88338;88338
88395;88395
88411;88411
88473;88473
88621;88621
88647;88647
88748;88748
88818;88818
88843;88843
88856;88856
88888;88888
88972;88972
89100;89100
89193;89193
89207;89207
89213;89213
89230;89230
89234;89234
89600;89600
89797;89797
89902;89902
90044;90044
90084;90084
90100;90100
90123;90123
90124;90124
90228;90228
90443;90443
90448;90448
90882;90882
90884;90884
90897;90897
91070;91070
91100;91100
91117;91117
91122;91122
91159;91159
91160;91160
91407;91407
91713;91713
91738;91738
91740;91740
91756;91756
91764;91764
91767;91767
91800;91800
91879;91879
91903;91903
91944;91944
91957;91957
92078;92078
92093;92093
92142;92142
92160;92160
92161;92161
92207;92207
92227;92227
92349;92349
92469;92469
92516;92516
92538;92538
92585;92585
92637;92637
92688;92688
92708;92708
92722;92722
92740;92740
92802;92802
92805;92805
92967;92967
93032;93032
93262;93262
93284;93284
93319;93319
93342;93342
93424;93424
93571;93571
93591;93591
93753;93753
93884;93884
93887;93887
93894;93894
93917;93917
93918;93918
93935;93935
93958;93958
94254;94254
94341;94341
94369;94369
94390;94390
94404;94404
94533;94533
94577;94577
94610;94610
94614;94614
94624;94624
94716;94716
95215;95215
95279;95279
95424;95424
95569;95569
95623;95623
96011;96011
96124;96124
96259;96259
96265;96265
96308;96308
96370;96370
96442;96442
96455;96455
96621;96621
96887;96887
96888;96888
97164;97164
97215;97215
97273;97273
97501;97501
97629;97629
97658;97658
97689;97689
97790;97790
97806;97806
97975;97975
98002;98002
98011;98011
98452;98452
98640;98640
98796;98796
98899;98899
99032;99032
99307;99307
99358;99358
99487;99487
99539;99539
99603;99603
99605;99605
99686;99686
99791;99791
99797;99797
99901;99901
99991;99991
99996;99996
99999;99999
100100;FCS00100
100101;FCS00101
100102;FCS00102
100103;FCS00103
100104;FCS00104
100105;FCS00105
100106;FCS00106
100107;FCS00107
100108;FCS00108
100109;FCS00109
100110;FCS00110
100111;FCS00111
100112;FCS00112
100113;FCS00113
100114;FCS00114
100115;FCS00115
100116;FCS00116
100117;FCS00117
100118;FCS00118
100119;FCS00119
100120;FCS00120
100121;FCS00121
100122;FCS00122
100123;FCS00123
100124;FCS00124
100125;FCS00125
100126;FCS00126
100127;FCS00127
100128;FCS00128
100129;FCS00129
100130;FCS00130
100131;FCS00131
100132;FCS00132
100133;FCS00133
100134;FCS00134
100135;FCS00135
100136;FCS00136
100137;FCS00137
100138;FCS00138
100139;FCS00139
100140;FCS00140
100141;FCS00141
100142;FCS00142
100143;FCS00143
100144;FCS00144
100145;FCS00145
100146;FCS00146
100147;FCS00147
100148;FCS00148
100149;FCS00149
100150;FCS00150
100151;FCS00151
100152;FCS00152
100153;FCS00153
100154;FCS00154
100155;FCS00155
100156;FCS00156
100157;FCS00157
100158;FCS00158
100159;FCS00159
100160;FCS00160
100161;FCS00161
100162;FCS00162
100163;FCS00163
100164;FCS00164
100165;FCS00165
100166;FCS00166
100167;FCS00167
100168;FCS00168
100169;FCS00169
100170;FCS00170
100171;FCS00171
100172;FCS00172
100173;FCS00173
100174;FCS00174
100175;FCS00175
100176;FCS00176
100177;FCS00177
100178;FCS00178
100179;FCS00179
100180;FCS00180
100181;FCS00181
100182;FCS00182
100183;FCS00183
100184;FCS00184
100185;FCS00185
100186;FCS00186
100187;FCS00187
100188;FCS00188
100189;FCS00189
100190;FCS00190
100191;FCS00191
100192;FCS00192
100193;FCS00193
100194;FCS00194
100195;FCS00195
100196;FCS00196
100197;FCS00197
100198;FCS00198
100199;FCS00199
100200;FCS00200
100201;FCS00201
100202;FCS00202
100203;FCS00203
100204;FCS00204
100205;FCS00205
100206;FCS00206
100207;FCS00207
100208;FCS00208
100209;FCS00209
100210;FCS00210
100211;FCS00211
100212;FCS00212
100213;FCS00213
100214;FCS00214
100215;FCS00215
100216;FCS00216
100217;FCS00217
100218;FCS00218
100219;FCS00219
100220;FCS00220
100221;FCS00221
100222;FCS00222
100223;FCS00223
100224;FCS00224
100225;FCS00225
100226;FCS00226
100227;FCS00227
100228;FCS00228
100229;FCS00229
100230;FCS00230
100231;FCS00231
100232;FCS00232
100233;FCS00233
100234;FCS00234
100235;FCS00235
100236;FCS00236
100237;FCS00237
100238;FCS00238
100239;FCS00239
100240;FCS00240
100241;FCS00241
100242;FCS00242
100243;FCS00243
100244;FCS00244
100245;FCS00245
100246;FCS00246
100247;FCS00247
100248;FCS00248
100249;FCS00249
100250;FCS00250
100251;FCS00251
100252;FCS00252
100253;FCS00253
100254;FCS00254
100255;FCS00255
100256;FCS00256
100257;FCS00257
100258;FCS00258
100259;FCS00259
100260;FCS00260
100261;FCS00261
100262;FCS00262
100263;FCS00263
100264;FCS00264
100265;FCS00265
100266;FCS00266
100267;FCS00267
100268;FCS00268
100269;FCS00269
100270;FCS00270
100271;FCS00271
100272;FCS00272
100273;FCS00273
100274;FCS00274
100275;FCS00275
100276;FCS00276
100277;FCS00277
100278;FCS00278
100279;FCS00279
100280;FCS00280
100281;FCS00281
100282;FCS00282
100283;FCS00283
100284;FCS00284
100285;FCS00285
100286;FCS00286
100287;FCS00287
100288;FCS00288
100289;FCS00289
100290;FCS00290
100291;FCS00291
100292;FCS00292
100293;FCS00293
100294;FCS00294
100295;FCS00295
100296;FCS00296
100297;FCS00297
100298;FCS00298
100299;FCS00299
100300;FCS00300
100301;FCS00301
100302;FCS00302
100303;FCS00303
100304;FCS00304
100305;FCS00305
100306;FCS00306
100307;FCS00307
100308;FCS00308
100309;FCS00309
100310;FCS00310
100311;FCS00311
100312;FCS00312
100313;FCS00313
100314;FCS00314
100315;FCS00315
100316;FCS00316
100317;FCS00317
100318;FCS00318
100319;FCS00319
100320;FCS00320
100321;FCS00321
100322;FCS00322
100323;FCS00323
100324;FCS00324
100325;FCS00325
100326;FCS00326
100327;FCS00327
100328;FCS00328
100329;FCS00329
100330;FCS00330
100331;FCS00331
100332;FCS00332
100333;FCS00333
100334;FCS00334
100335;FCS00335
100336;FCS00336
100337;FCS00337
100338;FCS00338
100339;FCS00339
100340;FCS00340
100341;FCS00341
100342;FCS00342
100343;FCS00343
100344;FCS00344
100345;FCS00345
100346;FCS00346
100347;FCS00347
100348;FCS00348
100349;FCS00349
100350;FCS00350
100351;FCS00351
100352;FCS00352
100353;FCS00353
100354;FCS00354
100355;FCS00355
100356;FCS00356
100357;FCS00357
100358;FCS00358
100359;FCS00359
100360;FCS00360
100361;FCS00361
100362;FCS00362
100363;FCS00363
100364;FCS00364
100365;FCS00365
100366;FCS00366
100367;FCS00367
100368;FCS00368
100369;FCS00369
100370;FCS00370
100371;FCS00371
100372;FCS00372
100373;FCS00373
100374;FCS00374
100375;FCS00375
100376;FCS00376
100377;FCS00377
100378;FCS00378
100379;FCS00379
100380;FCS00380
100381;FCS00381
100382;FCS00382
100383;FCS00383
100384;FCS00384
100385;FCS00385
100386;FCS00386
100387;FCS00387
100388;FCS00388
100389;FCS00389
100390;FCS00390
100391;FCS00391
100392;FCS00392
100393;FCS00393
100394;FCS00394
100395;FCS00395
100396;FCS00396
100397;FCS00397
100398;FCS00398
100399;FCS00399
100400;FCS00400
100401;FCS00401
100402;FCS00402
100403;FCS00403
100404;FCS00404
100405;FCS00405
100406;FCS00406
100407;FCS00407
100408;FCS00408
100409;FCS00409
100410;FCS00410
100411;FCS00411
100412;FCS00412
100413;FCS00413
100414;FCS00414
100415;FCS00415
100416;FCS00416
100417;FCS00417
100418;FCS00418
100419;FCS00419
100420;FCS00420
100421;FCS00421
100422;FCS00422
100423;FCS00423
100424;FCS00424
100425;FCS00425
100426;FCS00426
100427;FCS00427
100428;FCS00428
100429;FCS00429
100430;FCS00430
100431;FCS00431
100432;FCS00432
100433;FCS00433
100434;FCS00434
100435;FCS00435
100436;FCS00436
100437;FCS00437
100438;FCS00438
100439;FCS00439
100440;FCS00440
100441;FCS00441
100442;FCS00442
100443;FCS00443
100444;FCS00444
100445;FCS00445
100446;FCS00446
100447;FCS00447
100448;FCS00448
100449;FCS00449
100450;FCS00450
100451;FCS00451
100452;FCS00452
100453;FCS00453
100454;FCS00454
100455;FCS00455
100456;FCS00456
100457;FCS00457
100458;FCS00458
100459;FCS00459
100460;FCS00460
100461;FCS00461
100462;FCS00462
100463;FCS00463
100464;FCS00464
100465;FCS00465
100466;FCS00466
100467;FCS00467
100468;FCS00468
100469;FCS00469
100470;FCS00470
100471;FCS00471
100472;FCS00472
100473;FCS00473
100474;FCS00474
100475;FCS00475
100476;FCS00476
100477;FCS00477
100478;FCS00478
100479;FCS00479
100480;FCS00480
100481;FCS00481
100482;FCS00482
100483;FCS00483
100484;FCS00484
100485;FCS00485
100486;FCS00486
100487;FCS00487
100488;FCS00488
100489;FCS00489
100490;FCS00490
100491;FCS00491
100492;FCS00492
100493;FCS00493
100494;FCS00494
100495;FCS00495
100496;FCS00496
100497;FCS00497
100498;FCS00498
100499;FCS00499
120200;FCS20200
120201;FCS20201
120202;FCS20202
120203;FCS20203
120204;FCS20204
120205;FCS20205
120206;FCS20206
120207;FCS20207
120208;FCS20208
120209;FCS20209
120210;FCS20210
120211;FCS20211
120212;FCS20212
120213;FCS20213
120214;FCS20214
120215;FCS20215
120216;FCS20216
120217;FCS20217
120218;FCS20218
120219;FCS20219
120220;FCS20220
120221;FCS20221
120222;FCS20222
120223;FCS20223
120224;FCS20224
120225;FCS20225
120226;FCS20226
120227;FCS20227
120228;FCS20228
120229;FCS20229
120230;FCS20230
120231;FCS20231
120232;FCS20232
120233;FCS20233
120234;FCS20234
120235;FCS20235
120236;FCS20236
120237;FCS20237
120238;FCS20238
120239;FCS20239
120240;FCS20240
120241;FCS20241
120242;FCS20242
120243;FCS20243
120244;FCS20244
120245;FCS20245
120246;FCS20246
120247;FCS20247
120248;FCS20248
120249;FCS20249
120250;FCS20250
120251;FCS20251
120252;FCS20252
120253;FCS20253
120254;FCS20254
120255;FCS20255
120256;FCS20256
120257;FCS20257
120258;FCS20258
120259;FCS20259
120260;FCS20260
120261;FCS20261
120262;FCS20262
120263;FCS20263
120264;FCS20264
120265;FCS20265
120266;FCS20266
120267;FCS20267
120268;FCS20268
120269;FCS20269
120270;FCS20270
120271;FCS20271
120272;FCS20272
120273;FCS20273
120274;FCS20274
120275;FCS20275
120276;FCS20276
120277;FCS20277
120278;FCS20278
120279;FCS20279
120280;FCS20280
120281;FCS20281
120282;FCS20282
120283;FCS20283
120284;FCS20284
120285;FCS20285
120286;FCS20286
120287;FCS20287
120288;FCS20288
120289;FCS20289
120290;FCS20290
120291;FCS20291
120292;FCS20292
120293;FCS20293
120294;FCS20294
120295;FCS20295
120296;FCS20296
120297;FCS20297
120298;FCS20298
120299;FCS20299
120700;FCS20700
120701;FCS20701
120702;FCS20702
120703;FCS20703
120704;FCS20704
120705;FCS20705
120706;FCS20706
120707;FCS20707
120708;FCS20708
120709;FCS20709
120710;FCS20710
120711;FCS20711
120712;FCS20712
120713;FCS20713
120714;FCS20714
120715;FCS20715
120716;FCS20716
120717;FCS20717
120718;FCS20718
120719;FCS20719
120720;FCS20720
120721;FCS20721
120722;FCS20722
120723;FCS20723
120724;FCS20724
120725;FCS20725
120726;FCS20726
120727;FCS20727
120728;FCS20728
120729;FCS20729
120730;FCS20730
120731;FCS20731
120732;FCS20732
120733;FCS20733
120734;FCS20734
120735;FCS20735
120736;FCS20736
120737;FCS20737
120738;FCS20738
120739;FCS20739
120740;FCS20740
120741;FCS20741
120742;FCS20742
120743;FCS20743
120744;FCS20744
120745;FCS20745
120746;FCS20746
120747;FCS20747
120748;FCS20748
120749;FCS20749
120750;FCS20750
120751;FCS20751
120752;FCS20752
120753;FCS20753
120754;FCS20754
120755;FCS20755
120756;FCS20756
120757;FCS20757
120758;FCS20758
120759;FCS20759
120760;FCS20760
120761;FCS20761
120762;FCS20762
120763;FCS20763
120764;FCS20764
120765;FCS20765
120766;FCS20766
120767;FCS20767
120768;FCS20768
120769;FCS20769
120770;FCS20770
120771;FCS20771
120772;FCS20772
120773;FCS20773
120774;FCS20774
120775;FCS20775
120776;FCS20776
120777;FCS20777
120778;FCS20778
120779;FCS20779
120780;FCS20780
120781;FCS20781
120782;FCS20782
120783;FCS20783
120784;FCS20784
120785;FCS20785
120786;FCS20786
120787;FCS20787
120788;FCS20788
120789;FCS20789
120790;FCS20790
120791;FCS20791
120792;FCS20792
120793;FCS20793
120794;FCS20794
120795;FCS20795
120796;FCS20796
120797;FCS20797
120798;FCS20798
120799;FCS20799
120800;FCS20800
120801;FCS20801
120802;FCS20802
120803;FCS20803
120804;FCS20804
120805;FCS20805
120806;FCS20806
120807;FCS20807
120808;FCS20808
120809;FCS20809
120810;FCS20810
120811;FCS20811
120812;FCS20812
120813;FCS20813
120814;FCS20814
120815;FCS20815
120816;FCS20816
120817;FCS20817
120818;FCS20818
120819;FCS20819
120820;FCS20820
120821;FCS20821
120822;FCS20822
120823;FCS20823
120824;FCS20824
120825;FCS20825
120826;FCS20826
120827;FCS20827
120828;FCS20828
120829;FCS20829
120830;FCS20830
120831;FCS20831
120832;FCS20832
120833;FCS20833
120834;FCS20834
120835;FCS20835
120836;FCS20836
120837;FCS20837
120838;FCS20838
120839;FCS20839
120840;FCS20840
120841;FCS20841
120842;FCS20842
120843;FCS20843
120844;FCS20844
120845;FCS20845
120846;FCS20846
120847;FCS20847
120848;FCS20848
120849;FCS20849
120850;FCS20850
120851;FCS20851
120852;FCS20852
120853;FCS20853
120854;FCS20854
120855;FCS20855
120856;FCS20856
120857;FCS20857
120858;FCS20858
120859;FCS20859
120860;FCS20860
120861;FCS20861
120862;FCS20862
120863;FCS20863
120864;FCS20864
120865;FCS20865
120866;FCS20866
120867;FCS20867
120868;FCS20868
120869;FCS20869
120870;FCS20870
120871;FCS20871
120872;FCS20872
120873;FCS20873
120874;FCS20874
120875;FCS20875
120876;FCS20876
120877;FCS20877
120878;FCS20878
120879;FCS20879
120880;FCS20880
120881;FCS20881
120882;FCS20882
120883;FCS20883
120884;FCS20884
120885;FCS20885
120886;FCS20886
120887;FCS20887
120888;FCS20888
120889;FCS20889
120890;FCS20890
120891;FCS20891
120892;FCS20892
120893;FCS20893
120894;FCS20894
120895;FCS20895
120896;FCS20896
120897;FCS20897
120898;FCS20898
120899;FCS20899
122200;FCS22200
122201;FCS22201
122202;FCS22202
122203;FCS22203
122204;FCS22204
122205;FCS22205
122206;FCS22206
122207;FCS22207
122208;FCS22208
122209;FCS22209
122210;FCS22210
122211;FCS22211
122212;FCS22212
122213;FCS22213
122214;FCS22214
122215;FCS22215
122216;FCS22216
122217;FCS22217
122218;FCS22218
122219;FCS22219
122220;FCS22220
122221;FCS22221
122222;FCS22222
122223;FCS22223
122224;FCS22224
122225;FCS22225
122226;FCS22226
122227;FCS22227
122228;FCS22228
122229;FCS22229
122230;FCS22230
122231;FCS22231
122232;FCS22232
122233;FCS22233
122234;FCS22234
122235;FCS22235
122236;FCS22236
122237;FCS22237
122238;FCS22238
122239;FCS22239
122240;FCS22240
122241;FCS22241
122242;FCS22242
122243;FCS22243
122244;FCS22244
122245;FCS22245
122246;FCS22246
122247;FCS22247
122248;FCS22248
122249;FCS22249
122250;FCS22250
122251;FCS22251
122252;FCS22252
122253;FCS22253
122254;FCS22254
122255;FCS22255
122256;FCS22256
122257;FCS22257
122258;FCS22258
122259;FCS22259
122260;FCS22260
122261;FCS22261
122262;FCS22262
122263;FCS22263
122264;FCS22264
122265;FCS22265
122266;FCS22266
122267;FCS22267
122268;FCS22268
122269;FCS22269
122270;FCS22270
122271;FCS22271
122272;FCS22272
122273;FCS22273
122274;FCS22274
122275;FCS22275
122276;FCS22276
122277;FCS22277
122278;FCS22278
122279;FCS22279
122280;FCS22280
122281;FCS22281
122282;FCS22282
122283;FCS22283
122284;FCS22284
122285;FCS22285
122286;FCS22286
122287;FCS22287
122288;FCS22288
122289;FCS22289
122290;FCS22290
122291;FCS22291
122292;FCS22292
122293;FCS22293
122294;FCS22294
122295;FCS22295
122296;FCS22296
122297;FCS22297
122298;FCS22298
122299;FCS22299
122400;FCS22400
122401;FCS22401
122402;FCS22402
122403;FCS22403
122404;FCS22404
122405;FCS22405
122406;FCS22406
122407;FCS22407
122408;FCS22408
122409;FCS22409
122410;FCS22410
122411;FCS22411
122412;FCS22412
122413;FCS22413
122414;FCS22414
122415;FCS22415
122416;FCS22416
122417;FCS22417
122418;FCS22418
122419;FCS22419
122420;FCS22420
122421;FCS22421
122422;FCS22422
122423;FCS22423
122424;FCS22424
122425;FCS22425
122426;FCS22426
122427;FCS22427
122428;FCS22428
122429;FCS22429
122430;FCS22430
122431;FCS22431
122432;FCS22432
122433;FCS22433
122434;FCS22434
122435;FCS22435
122436;FCS22436
122437;FCS22437
122438;FCS22438
122439;FCS22439
122440;FCS22440
122441;FCS22441
122442;FCS22442
122443;FCS22443
122444;FCS22444
122445;FCS22445
122446;FCS22446
122447;FCS22447
122448;FCS22448
122449;FCS22449
122450;FCS22450
122451;FCS22451
122452;FCS22452
122453;FCS22453
122454;FCS22454
122455;FCS22455
122456;FCS22456
122457;FCS22457
122458;FCS22458
122459;FCS22459
122460;FCS22460
122461;FCS22461
122462;FCS22462
122463;FCS22463
122464;FCS22464
122465;FCS22465
122466;FCS22466
122467;FCS22467
122468;FCS22468
122469;FCS22469
122470;FCS22470
122471;FCS22471
122472;FCS22472
122473;FCS22473
122474;FCS22474
122475;FCS22475
122476;FCS22476
122477;FCS22477
122478;FCS22478
122479;FCS22479
122480;FCS22480
122481;FCS22481
122482;FCS22482
122483;FCS22483
122484;FCS22484
122485;FCS22485
122486;FCS22486
122487;FCS22487
122488;FCS22488
122489;FCS22489
122490;FCS22490
122491;FCS22491
122492;FCS22492
122493;FCS22493
122494;FCS22494
122495;FCS22495
122496;FCS22496
122497;FCS22497
122498;FCS22498
122499;FCS22499
122600;FCS22600
122601;FCS22601
122602;FCS22602
122603;FCS22603
122604;FCS22604
122605;FCS22605
122606;FCS22606
122607;FCS22607
122608;FCS22608
122609;FCS22609
122610;FCS22610
122611;FCS22611
122612;FCS22612
122613;FCS22613
122614;FCS22614
122615;FCS22615
122616;FCS22616
122617;FCS22617
122618;FCS22618
122619;FCS22619
122620;FCS22620
122621;FCS22621
122622;FCS22622
122623;FCS22623
122624;FCS22624
122625;FCS22625
122626;FCS22626
122627;FCS22627
122628;FCS22628
122629;FCS22629
122630;FCS22630
122631;FCS22631
122632;FCS22632
122633;FCS22633
122634;FCS22634
122635;FCS22635
122636;FCS22636
122637;FCS22637
122638;FCS22638
122639;FCS22639
122640;FCS22640
122641;FCS22641
122642;FCS22642
122643;FCS22643
122644;FCS22644
122645;FCS22645
122646;FCS22646
122647;FCS22647
122648;FCS22648
122649;FCS22649
122650;FCS22650
122651;FCS22651
122652;FCS22652
122653;FCS22653
122654;FCS22654
122655;FCS22655
122656;FCS22656
122657;FCS22657
122658;FCS22658
122659;FCS22659
122660;FCS22660
122661;FCS22661
122662;FCS22662
122663;FCS22663
122664;FCS22664
122665;FCS22665
122666;FCS22666
122667;FCS22667
122668;FCS22668
122669;FCS22669
122670;FCS22670
122671;FCS22671
122672;FCS22672
122673;FCS22673
122674;FCS22674
122675;FCS22675
122676;FCS22676
122677;FCS22677
122678;FCS22678
122679;FCS22679
122680;FCS22680
122681;FCS22681
122682;FCS22682
122683;FCS22683
122684;FCS22684
122685;FCS22685
122686;FCS22686
122687;FCS22687
122688;FCS22688
122689;FCS22689
122690;FCS22690
122691;FCS22691
122692;FCS22692
122693;FCS22693
122694;FCS22694
122695;FCS22695
122696;FCS22696
122697;FCS22697
122698;FCS22698
122699;FCS22699
123200;FCS23200
123201;FCS23201
123202;FCS23202
123203;FCS23203
123204;FCS23204
123205;FCS23205
123206;FCS23206
123207;FCS23207
123208;FCS23208
123209;FCS23209
123210;FCS23210
123211;FCS23211
123212;FCS23212
123213;FCS23213
123214;FCS23214
123215;FCS23215
123216;FCS23216
123217;FCS23217
123218;FCS23218
123219;FCS23219
123220;FCS23220
123221;FCS23221
123222;FCS23222
123223;FCS23223
123224;FCS23224
123225;FCS23225
123226;FCS23226
123227;FCS23227
123228;FCS23228
123229;FCS23229
123230;FCS23230
123231;FCS23231
123232;FCS23232
123233;FCS23233
123234;FCS23234
123235;FCS23235
123236;FCS23236
123237;FCS23237
123238;FCS23238
123239;FCS23239
123240;FCS23240
123241;FCS23241
123242;FCS23242
123243;FCS23243
123244;FCS23244
123245;FCS23245
123246;FCS23246
123247;FCS23247
123248;FCS23248
123249;FCS23249
123250;FCS23250
123251;FCS23251
123252;FCS23252
123253;FCS23253
123254;FCS23254
123255;FCS23255
123256;FCS23256
123257;FCS23257
123258;FCS23258
123259;FCS23259
123260;FCS23260
123261;FCS23261
123262;FCS23262
123263;FCS23263
123264;FCS23264
123265;FCS23265
123266;FCS23266
123267;FCS23267
123268;FCS23268
123269;FCS23269
123270;FCS23270
123271;FCS23271
123272;FCS23272
123273;FCS23273
123274;FCS23274
123275;FCS23275
123276;FCS23276
123277;FCS23277
123278;FCS23278
123279;FCS23279
123280;FCS23280
123281;FCS23281
123282;FCS23282
123283;FCS23283
123284;FCS23284
123285;FCS23285
123286;FCS23286
123287;FCS23287
123288;FCS23288
123289;FCS23289
123290;FCS23290
123291;FCS23291
123292;FCS23292
123293;FCS23293
123294;FCS23294
123295;FCS23295
123296;FCS23296
123297;FCS23297
123298;FCS23298
123299;FCS23299
123500;FCS23500
123501;FCS23501
123502;FCS23502
123503;FCS23503
123504;FCS23504
123505;FCS23505
123506;FCS23506
123507;FCS23507
123508;FCS23508
123509;FCS23509
123510;FCS23510
123511;FCS23511
123512;FCS23512
123513;FCS23513
123514;FCS23514
123515;FCS23515
123516;FCS23516
123517;FCS23517
123518;FCS23518
123519;FCS23519
123520;FCS23520
123521;FCS23521
123522;FCS23522
123523;FCS23523
123524;FCS23524
123525;FCS23525
123526;FCS23526
123527;FCS23527
123528;FCS23528
123529;FCS23529
123530;FCS23530
123531;FCS23531
123532;FCS23532
123533;FCS23533
123534;FCS23534
123535;FCS23535
123536;FCS23536
123537;FCS23537
123538;FCS23538
123539;FCS23539
123540;FCS23540
123541;FCS23541
123542;FCS23542
123543;FCS23543
123544;FCS23544
123545;FCS23545
123546;FCS23546
123547;FCS23547
123548;FCS23548
123549;FCS23549
123550;FCS23550
123551;FCS23551
123552;FCS23552
123553;FCS23553
123554;FCS23554
123555;FCS23555
123556;FCS23556
123557;FCS23557
123558;FCS23558
123559;FCS23559
123560;FCS23560
123561;FCS23561
123562;FCS23562
123563;FCS23563
123564;FCS23564
123565;FCS23565
123566;FCS23566
123567;FCS23567
123568;FCS23568
123569;FCS23569
123570;FCS23570
123571;FCS23571
123572;FCS23572
123573;FCS23573
123574;FCS23574
123575;FCS23575
123576;FCS23576
123577;FCS23577
123578;FCS23578
123579;FCS23579
123580;FCS23580
123581;FCS23581
123582;FCS23582
123583;FCS23583
123584;FCS23584
123585;FCS23585
123586;FCS23586
123587;FCS23587
123588;FCS23588
123589;FCS23589
123590;FCS23590
123591;FCS23591
123592;FCS23592
123593;FCS23593
123594;FCS23594
123595;FCS23595
123596;FCS23596
123597;FCS23597
123598;FCS23598
123599;FCS23599
125900;FCS25900
125901;FCS25901
125902;FCS25902
125903;FCS25903
125904;FCS25904
125905;FCS25905
125906;FCS25906
125907;FCS25907
125908;FCS25908
125909;FCS25909
125910;FCS25910
125911;FCS25911
125912;FCS25912
125913;FCS25913
125914;FCS25914
125915;FCS25915
125916;FCS25916
125917;FCS25917
125918;FCS25918
125919;FCS25919
125920;FCS25920
125921;FCS25921
125922;FCS25922
125923;FCS25923
125924;FCS25924
125925;FCS25925
125926;FCS25926
125927;FCS25927
125928;FCS25928
125929;FCS25929
125930;FCS25930
125931;FCS25931
125932;FCS25932
125933;FCS25933
125934;FCS25934
125935;FCS25935
125936;FCS25936
125937;FCS25937
125938;FCS25938
125939;FCS25939
125940;FCS25940
125941;FCS25941
125942;FCS25942
125943;FCS25943
125944;FCS25944
125945;FCS25945
125946;FCS25946
125947;FCS25947
125948;FCS25948
125949;FCS25949
125950;FCS25950
125951;FCS25951
125952;FCS25952
125953;FCS25953
125954;FCS25954
125955;FCS25955
125956;FCS25956
125957;FCS25957
125958;FCS25958
125959;FCS25959
125960;FCS25960
125961;FCS25961
125962;FCS25962
125963;FCS25963
125964;FCS25964
125965;FCS25965
125966;FCS25966
125967;FCS25967
125968;FCS25968
125969;FCS25969
125970;FCS25970
125971;FCS25971
125972;FCS25972
125973;FCS25973
125974;FCS25974
125975;FCS25975
125976;FCS25976
125977;FCS25977
125978;FCS25978
125979;FCS25979
125980;FCS25980
125981;FCS25981
125982;FCS25982
125983;FCS25983
125984;FCS25984
125985;FCS25985
125986;FCS25986
125987;FCS25987
125988;FCS25988
125989;FCS25989
125990;FCS25990
125991;FCS25991
125992;FCS25992
125993;FCS25993
125994;FCS25994
125995;FCS25995
125996;FCS25996
125997;FCS25997
125998;FCS25998
125999;FCS25999
126000;FCS26000
126001;FCS26001
126002;FCS26002
126003;FCS26003
126004;FCS26004
126005;FCS26005
126006;FCS26006
126007;FCS26007
126008;FCS26008
126009;FCS26009
126010;FCS26010
126011;FCS26011
126012;FCS26012
126013;FCS26013
126014;FCS26014
126015;FCS26015
126016;FCS26016
126017;FCS26017
126018;FCS26018
126019;FCS26019
126020;FCS26020
126021;FCS26021
126022;FCS26022
126023;FCS26023
126024;FCS26024
126025;FCS26025
126026;FCS26026
126027;FCS26027
126028;FCS26028
126029;FCS26029
126030;FCS26030
126031;FCS26031
126032;FCS26032
126033;FCS26033
126034;FCS26034
126035;FCS26035
126036;FCS26036
126037;FCS26037
126038;FCS26038
126039;FCS26039
126040;FCS26040
126041;FCS26041
126042;FCS26042
126043;FCS26043
126044;FCS26044
126045;FCS26045
126046;FCS26046
126047;FCS26047
126048;FCS26048
126049;FCS26049
126050;FCS26050
126051;FCS26051
126052;FCS26052
126053;FCS26053
126054;FCS26054
126055;FCS26055
126056;FCS26056
126057;FCS26057
126058;FCS26058
126059;FCS26059
126060;FCS26060
126061;FCS26061
126062;FCS26062
126063;FCS26063
126064;FCS26064
126065;FCS26065
126066;FCS26066
126067;FCS26067
126068;FCS26068
126069;FCS26069
126070;FCS26070
126071;FCS26071
126072;FCS26072
126073;FCS26073
126074;FCS26074
126075;FCS26075
126076;FCS26076
126077;FCS26077
126078;FCS26078
126079;FCS26079
126080;FCS26080
126081;FCS26081
126082;FCS26082
126083;FCS26083
126084;FCS26084
126085;FCS26085
126086;FCS26086
126087;FCS26087
126088;FCS26088
126089;FCS26089
126090;FCS26090
126091;FCS26091
126092;FCS26092
126093;FCS26093
126094;FCS26094
126095;FCS26095
126096;FCS26096
126097;FCS26097
126098;FCS26098
126099;FCS26099
126200;FCS26200
126201;FCS26201
126202;FCS26202
126203;FCS26203
126204;FCS26204
126205;FCS26205
126206;FCS26206
126207;FCS26207
126208;FCS26208
126209;FCS26209
126210;FCS26210
126211;FCS26211
126212;FCS26212
126213;FCS26213
126214;FCS26214
126215;FCS26215
126216;FCS26216
126217;FCS26217
126218;FCS26218
126219;FCS26219
126220;FCS26220
126221;FCS26221
126222;FCS26222
126223;FCS26223
126224;FCS26224
126225;FCS26225
126226;FCS26226
126227;FCS26227
126228;FCS26228
126229;FCS26229
126230;FCS26230
126231;FCS26231
126232;FCS26232
126233;FCS26233
126234;FCS26234
126235;FCS26235
126236;FCS26236
126237;FCS26237
126238;FCS26238
126239;FCS26239
126240;FCS26240
126241;FCS26241
126242;FCS26242
126243;FCS26243
126244;FCS26244
126245;FCS26245
126246;FCS26246
126247;FCS26247
126248;FCS26248
126249;FCS26249
126250;FCS26250
126251;FCS26251
126252;FCS26252
126253;FCS26253
126254;FCS26254
126255;FCS26255
126256;FCS26256
126257;FCS26257
126258;FCS26258
126259;FCS26259
126260;FCS26260
126261;FCS26261
126262;FCS26262
126263;FCS26263
126264;FCS26264
126265;FCS26265
126266;FCS26266
126267;FCS26267
126268;FCS26268
126269;FCS26269
126270;FCS26270
126271;FCS26271
126272;FCS26272
126273;FCS26273
126274;FCS26274
126275;FCS26275
126276;FCS26276
126277;FCS26277
126278;FCS26278
126279;FCS26279
126280;FCS26280
126281;FCS26281
126282;FCS26282
126283;FCS26283
126284;FCS26284
126285;FCS26285
126286;FCS26286
126287;FCS26287
126288;FCS26288
126289;FCS26289
126290;FCS26290
126291;FCS26291
126292;FCS26292
126293;FCS26293
126294;FCS26294
126295;FCS26295
126296;FCS26296
126297;FCS26297
126298;FCS26298
126299;FCS26299
126800;FCS26800
126801;FCS26801
126802;FCS26802
126803;FCS26803
126804;FCS26804
126805;FCS26805
126806;FCS26806
126807;FCS26807
126808;FCS26808
126809;FCS26809
126810;FCS26810
126811;FCS26811
126812;FCS26812
126813;FCS26813
126814;FCS26814
126815;FCS26815
126816;FCS26816
126817;FCS26817
126818;FCS26818
126819;FCS26819
126820;FCS26820
126821;FCS26821
126822;FCS26822
126823;FCS26823
126824;FCS26824
126825;FCS26825
126826;FCS26826
126827;FCS26827
126828;FCS26828
126829;FCS26829
126830;FCS26830
126831;FCS26831
126832;FCS26832
126833;FCS26833
126834;FCS26834
126835;FCS26835
126836;FCS26836
126837;FCS26837
126838;FCS26838
126839;FCS26839
126840;FCS26840
126841;FCS26841
126842;FCS26842
126843;FCS26843
126844;FCS26844
126845;FCS26845
126846;FCS26846
126847;FCS26847
126848;FCS26848
126849;FCS26849
126850;FCS26850
126851;FCS26851
126852;FCS26852
126853;FCS26853
126854;FCS26854
126855;FCS26855
126856;FCS26856
126857;FCS26857
126858;FCS26858
126859;FCS26859
126860;FCS26860
126861;FCS26861
126862;FCS26862
126863;FCS26863
126864;FCS26864
126865;FCS26865
126866;FCS26866
126867;FCS26867
126868;FCS26868
126869;FCS26869
126870;FCS26870
126871;FCS26871
126872;FCS26872
126873;FCS26873
126874;FCS26874
126875;FCS26875
126876;FCS26876
126877;FCS26877
126878;FCS26878
126879;FCS26879
126880;FCS26880
126881;FCS26881
126882;FCS26882
126883;FCS26883
126884;FCS26884
126885;FCS26885
126886;FCS26886
126887;FCS26887
126888;FCS26888
126889;FCS26889
126890;FCS26890
126891;FCS26891
126892;FCS26892
126893;FCS26893
126894;FCS26894
126895;FCS26895
126896;FCS26896
126897;FCS26897
126898;FCS26898
126899;FCS26899
128400;FCS28400
128401;FCS28401
128402;FCS28402
128403;FCS28403
128404;FCS28404
128405;FCS28405
128406;FCS28406
128407;FCS28407
128408;FCS28408
128409;FCS28409
128410;FCS28410
128411;FCS28411
128412;FCS28412
128413;FCS28413
128414;FCS28414
128415;FCS28415
128416;FCS28416
128417;FCS28417
128418;FCS28418
128419;FCS28419
128420;FCS28420
128421;FCS28421
128422;FCS28422
128423;FCS28423
128424;FCS28424
128425;FCS28425
128426;FCS28426
128427;FCS28427
128428;FCS28428
128429;FCS28429
128430;FCS28430
128431;FCS28431
128432;FCS28432
128433;FCS28433
128434;FCS28434
128435;FCS28435
128436;FCS28436
128437;FCS28437
128438;FCS28438
128439;FCS28439
128440;FCS28440
128441;FCS28441
128442;FCS28442
128443;FCS28443
128444;FCS28444
128445;FCS28445
128446;FCS28446
128447;FCS28447
128448;FCS28448
128449;FCS28449
128450;FCS28450
128451;FCS28451
128452;FCS28452
128453;FCS28453
128454;FCS28454
128455;FCS28455
128456;FCS28456
128457;FCS28457
128458;FCS28458
128459;FCS28459
128460;FCS28460
128461;FCS28461
128462;FCS28462
128463;FCS28463
128464;FCS28464
128465;FCS28465
128466;FCS28466
128467;FCS28467
128468;FCS28468
128469;FCS28469
128470;FCS28470
128471;FCS28471
128472;FCS28472
128473;FCS28473
128474;FCS28474
128475;FCS28475
128476;FCS28476
128477;FCS28477
128478;FCS28478
128479;FCS28479
128480;FCS28480
128481;FCS28481
128482;FCS28482
128483;FCS28483
128484;FCS28484
128485;FCS28485
128486;FCS28486
128487;FCS28487
128488;FCS28488
128489;FCS28489
128490;FCS28490
128491;FCS28491
128492;FCS28492
128493;FCS28493
128494;FCS28494
128495;FCS28495
128496;FCS28496
128497;FCS28497
128498;FCS28498
128499;FCS28499
131000;FCS31000
131001;FCS31001
131002;FCS31002
131003;FCS31003
131004;FCS31004
131005;FCS31005
131006;FCS31006
131007;FCS31007
131008;FCS31008
131009;FCS31009
131010;FCS31010
131011;FCS31011
131012;FCS31012
131013;FCS31013
131014;FCS31014
131015;FCS31015
131016;FCS31016
131017;FCS31017
131018;FCS31018
131019;FCS31019
131020;FCS31020
131021;FCS31021
131022;FCS31022
131023;FCS31023
131024;FCS31024
131025;FCS31025
131026;FCS31026
131027;FCS31027
131028;FCS31028
131029;FCS31029
131030;FCS31030
131031;FCS31031
131032;FCS31032
131033;FCS31033
131034;FCS31034
131035;FCS31035
131036;FCS31036
131037;FCS31037
131038;FCS31038
131039;FCS31039
131040;FCS31040
131041;FCS31041
131042;FCS31042
131043;FCS31043
131044;FCS31044
131045;FCS31045
131046;FCS31046
131047;FCS31047
131048;FCS31048
131049;FCS31049
131050;FCS31050
131051;FCS31051
131052;FCS31052
131053;FCS31053
131054;FCS31054
131055;FCS31055
131056;FCS31056
131057;FCS31057
131058;FCS31058
131059;FCS31059
131060;FCS31060
131061;FCS31061
131062;FCS31062
131063;FCS31063
131064;FCS31064
131065;FCS31065
131066;FCS31066
131067;FCS31067
131068;FCS31068
131069;FCS31069
131070;FCS31070
131071;FCS31071
131072;FCS31072
131073;FCS31073
131074;FCS31074
131075;FCS31075
131076;FCS31076
131077;FCS31077
131078;FCS31078
131079;FCS31079
131080;FCS31080
131081;FCS31081
131082;FCS31082
131083;FCS31083
131084;FCS31084
131085;FCS31085
131086;FCS31086
131087;FCS31087
131088;FCS31088
131089;FCS31089
131090;FCS31090
131091;FCS31091
131092;FCS31092
131093;FCS31093
131094;FCS31094
131095;FCS31095
131096;FCS31096
131097;FCS31097
131098;FCS31098
131099;FCS31099
131100;FCS31100
131101;FCS31101
131102;FCS31102
131103;FCS31103
131104;FCS31104
131105;FCS31105
131106;FCS31106
131107;FCS31107
131108;FCS31108
131109;FCS31109
131110;FCS31110
131111;FCS31111
131112;FCS31112
131113;FCS31113
131114;FCS31114
131115;FCS31115
131116;FCS31116
131117;FCS31117
131118;FCS31118
131119;FCS31119
131120;FCS31120
131121;FCS31121
131122;FCS31122
131123;FCS31123
131124;FCS31124
131125;FCS31125
131126;FCS31126
131127;FCS31127
131128;FCS31128
131129;FCS31129
131130;FCS31130
131131;FCS31131
131132;FCS31132
131133;FCS31133
131134;FCS31134
131135;FCS31135
131136;FCS31136
131137;FCS31137
131138;FCS31138
131139;FCS31139
131140;FCS31140
131141;FCS31141
131142;FCS31142
131143;FCS31143
131144;FCS31144
131145;FCS31145
131146;FCS31146
131147;FCS31147
131148;FCS31148
131149;FCS31149
131150;FCS31150
131151;FCS31151
131152;FCS31152
131153;FCS31153
131154;FCS31154
131155;FCS31155
131156;FCS31156
131157;FCS31157
131158;FCS31158
131159;FCS31159
131160;FCS31160
131161;FCS31161
131162;FCS31162
131163;FCS31163
131164;FCS31164
131165;FCS31165
131166;FCS31166
131167;FCS31167
131168;FCS31168
131169;FCS31169
131170;FCS31170
131171;FCS31171
131172;FCS31172
131173;FCS31173
131174;FCS31174
131175;FCS31175
131176;FCS31176
131177;FCS31177
131178;FCS31178
131179;FCS31179
131180;FCS31180
131181;FCS31181
131182;FCS31182
131183;FCS31183
131184;FCS31184
131185;FCS31185
131186;FCS31186
131187;FCS31187
131188;FCS31188
131189;FCS31189
131190;FCS31190
131191;FCS31191
131192;FCS31192
131193;FCS31193
131194;FCS31194
131195;FCS31195
131196;FCS31196
131197;FCS31197
131198;FCS31198
131199;FCS31199
133400;FCS33400
133401;FCS33401
133402;FCS33402
133403;FCS33403
133404;FCS33404
133405;FCS33405
133406;FCS33406
133407;FCS33407
133408;FCS33408
133409;FCS33409
133410;FCS33410
133411;FCS33411
133412;FCS33412
133413;FCS33413
133414;FCS33414
133415;FCS33415
133416;FCS33416
133417;FCS33417
133418;FCS33418
133419;FCS33419
133420;FCS33420
133421;FCS33421
133422;FCS33422
133423;FCS33423
133424;FCS33424
133425;FCS33425
133426;FCS33426
133427;FCS33427
133428;FCS33428
133429;FCS33429
133430;FCS33430
133431;FCS33431
133432;FCS33432
133433;FCS33433
133434;FCS33434
133435;FCS33435
133436;FCS33436
133437;FCS33437
133438;FCS33438
133439;FCS33439
133440;FCS33440
133441;FCS33441
133442;FCS33442
133443;FCS33443
133444;FCS33444
133445;FCS33445
133446;FCS33446
133447;FCS33447
133448;FCS33448
133449;FCS33449
133450;FCS33450
133451;FCS33451
133452;FCS33452
133453;FCS33453
133454;FCS33454
133455;FCS33455
133456;FCS33456
133457;FCS33457
133458;FCS33458
133459;FCS33459
133460;FCS33460
133461;FCS33461
133462;FCS33462
133463;FCS33463
133464;FCS33464
133465;FCS33465
133466;FCS33466
133467;FCS33467
133468;FCS33468
133469;FCS33469
133470;FCS33470
133471;FCS33471
133472;FCS33472
133473;FCS33473
133474;FCS33474
133475;FCS33475
133476;FCS33476
133477;FCS33477
133478;FCS33478
133479;FCS33479
133480;FCS33480
133481;FCS33481
133482;FCS33482
133483;FCS33483
133484;FCS33484
133485;FCS33485
133486;FCS33486
133487;FCS33487
133488;FCS33488
133489;FCS33489
133490;FCS33490
133491;FCS33491
133492;FCS33492
133493;FCS33493
133494;FCS33494
133495;FCS33495
133496;FCS33496
133497;FCS33497
133498;FCS33498
133499;FCS33499
145000;FCS45000
145001;FCS45001
145002;FCS45002
145003;FCS45003
145004;FCS45004
145005;FCS45005
145006;FCS45006
145007;FCS45007
145008;FCS45008
145009;FCS45009
145010;FCS45010
145011;FCS45011
145012;FCS45012
145013;FCS45013
145014;FCS45014
145015;FCS45015
145016;FCS45016
145017;FCS45017
145018;FCS45018
145019;FCS45019
145020;FCS45020
145021;FCS45021
145022;FCS45022
145023;FCS45023
145024;FCS45024
145025;FCS45025
145026;FCS45026
145027;FCS45027
145028;FCS45028
145029;FCS45029
145030;FCS45030
145031;FCS45031
145032;FCS45032
145033;FCS45033
145034;FCS45034
145035;FCS45035
145036;FCS45036
145037;FCS45037
145038;FCS45038
145039;FCS45039
145040;FCS45040
145041;FCS45041
145042;FCS45042
145043;FCS45043
145044;FCS45044
145045;FCS45045
145046;FCS45046
145047;FCS45047
145048;FCS45048
145049;FCS45049
145050;FCS45050
145051;FCS45051
145052;FCS45052
145053;FCS45053
145054;FCS45054
145055;FCS45055
145056;FCS45056
145057;FCS45057
145058;FCS45058
145059;FCS45059
145060;FCS45060
145061;FCS45061
145062;FCS45062
145063;FCS45063
145064;FCS45064
145065;FCS45065
145066;FCS45066
145067;FCS45067
145068;FCS45068
145069;FCS45069
145070;FCS45070
145071;FCS45071
145072;FCS45072
145073;FCS45073
145074;FCS45074
145075;FCS45075
145076;FCS45076
145077;FCS45077
145078;FCS45078
145079;FCS45079
145080;FCS45080
145081;FCS45081
145082;FCS45082
145083;FCS45083
145084;FCS45084
145085;FCS45085
145086;FCS45086
145087;FCS45087
145088;FCS45088
145089;FCS45089
145090;FCS45090
145091;FCS45091
145092;FCS45092
145093;FCS45093
145094;FCS45094
145095;FCS45095
145096;FCS45096
145097;FCS45097
145098;FCS45098
145099;FCS45099
150500;FCS50500
150501;FCS50501
150502;FCS50502
150503;FCS50503
150504;FCS50504
150505;FCS50505
150506;FCS50506
150507;FCS50507
150508;FCS50508
150509;FCS50509
150510;FCS50510
150511;FCS50511
150512;FCS50512
150513;FCS50513
150514;FCS50514
150515;FCS50515
150516;FCS50516
150517;FCS50517
150518;FCS50518
150519;FCS50519
150520;FCS50520
150521;FCS50521
150522;FCS50522
150523;FCS50523
150524;FCS50524
150525;FCS50525
150526;FCS50526
150527;FCS50527
150528;FCS50528
150529;FCS50529
150530;FCS50530
150531;FCS50531
150532;FCS50532
150533;FCS50533
150534;FCS50534
150535;FCS50535
150536;FCS50536
150537;FCS50537
150538;FCS50538
150539;FCS50539
150540;FCS50540
150541;FCS50541
150542;FCS50542
150543;FCS50543
150544;FCS50544
150545;FCS50545
150546;FCS50546
150547;FCS50547
150548;FCS50548
150549;FCS50549
150550;FCS50550
150551;FCS50551
150552;FCS50552
150553;FCS50553
150554;FCS50554
150555;FCS50555
150556;FCS50556
150557;FCS50557
150558;FCS50558
150559;FCS50559
150560;FCS50560
150561;FCS50561
150562;FCS50562
150563;FCS50563
150564;FCS50564
150565;FCS50565
150566;FCS50566
150567;FCS50567
150568;FCS50568
150569;FCS50569
150570;FCS50570
150571;FCS50571
150572;FCS50572
150573;FCS50573
150574;FCS50574
150575;FCS50575
150576;FCS50576
150577;FCS50577
150578;FCS50578
150579;FCS50579
150580;FCS50580
150581;FCS50581
150582;FCS50582
150583;FCS50583
150584;FCS50584
150585;FCS50585
150586;FCS50586
150587;FCS50587
150588;FCS50588
150589;FCS50589
150590;FCS50590
150591;FCS50591
150592;FCS50592
150593;FCS50593
150594;FCS50594
150595;FCS50595
150596;FCS50596
150597;FCS50597
150598;FCS50598
150599;FCS50599
153000;FCS53000
153001;FCS53001
153002;FCS53002
153003;FCS53003
153004;FCS53004
153005;FCS53005
153006;FCS53006
153007;FCS53007
153008;FCS53008
153009;FCS53009
153010;FCS53010
153011;FCS53011
153012;FCS53012
153013;FCS53013
153014;FCS53014
153015;FCS53015
153016;FCS53016
153017;FCS53017
153018;FCS53018
153019;FCS53019
153020;FCS53020
153021;FCS53021
153022;FCS53022
153023;FCS53023
153024;FCS53024
153025;FCS53025
153026;FCS53026
153027;FCS53027
153028;FCS53028
153029;FCS53029
153030;FCS53030
153031;FCS53031
153032;FCS53032
153033;FCS53033
153034;FCS53034
153035;FCS53035
153036;FCS53036
153037;FCS53037
153038;FCS53038
153039;FCS53039
153040;FCS53040
153041;FCS53041
153042;FCS53042
153043;FCS53043
153044;FCS53044
153045;FCS53045
153046;FCS53046
153047;FCS53047
153048;FCS53048
153049;FCS53049
153050;FCS53050
153051;FCS53051
153052;FCS53052
153053;FCS53053
153054;FCS53054
153055;FCS53055
153056;FCS53056
153057;FCS53057
153058;FCS53058
153059;FCS53059
153060;FCS53060
153061;FCS53061
153062;FCS53062
153063;FCS53063
153064;FCS53064
153065;FCS53065
153066;FCS53066
153067;FCS53067
153068;FCS53068
153069;FCS53069
153070;FCS53070
153071;FCS53071
153072;FCS53072
153073;FCS53073
153074;FCS53074
153075;FCS53075
153076;FCS53076
153077;FCS53077
153078;FCS53078
153079;FCS53079
153080;FCS53080
153081;FCS53081
153082;FCS53082
153083;FCS53083
153084;FCS53084
153085;FCS53085
153086;FCS53086
153087;FCS53087
153088;FCS53088
153089;FCS53089
153090;FCS53090
153091;FCS53091
153092;FCS53092
153093;FCS53093
153094;FCS53094
153095;FCS53095
153096;FCS53096
153097;FCS53097
153098;FCS53098
153099;FCS53099
172400;FCS72400
172401;FCS72401
172402;FCS72402
172403;FCS72403
172404;FCS72404
172405;FCS72405
172406;FCS72406
172407;FCS72407
172408;FCS72408
172409;FCS72409
172410;FCS72410
172411;FCS72411
172412;FCS72412
172413;FCS72413
172414;FCS72414
172415;FCS72415
172416;FCS72416
172417;FCS72417
172418;FCS72418
172419;FCS72419
172420;FCS72420
172421;FCS72421
172422;FCS72422
172423;FCS72423
172424;FCS72424
172425;FCS72425
172426;FCS72426
172427;FCS72427
172428;FCS72428
172429;FCS72429
172430;FCS72430
172431;FCS72431
172432;FCS72432
172433;FCS72433
172434;FCS72434
172435;FCS72435
172436;FCS72436
172437;FCS72437
172438;FCS72438
172439;FCS72439
172440;FCS72440
172441;FCS72441
172442;FCS72442
172443;FCS72443
172444;FCS72444
172445;FCS72445
172446;FCS72446
172447;FCS72447
172448;FCS72448
172449;FCS72449
172450;FCS72450
172451;FCS72451
172452;FCS72452
172453;FCS72453
172454;FCS72454
172455;FCS72455
172456;FCS72456
172457;FCS72457
172458;FCS72458
172459;FCS72459
172460;FCS72460
172461;FCS72461
172462;FCS72462
172463;FCS72463
172464;FCS72464
172465;FCS72465
172466;FCS72466
172467;FCS72467
172468;FCS72468
172469;FCS72469
172470;FCS72470
172471;FCS72471
172472;FCS72472
172473;FCS72473
172474;FCS72474
172475;FCS72475
172476;FCS72476
172477;FCS72477
172478;FCS72478
172479;FCS72479
172480;FCS72480
172481;FCS72481
172482;FCS72482
172483;FCS72483
172484;FCS72484
172485;FCS72485
172486;FCS72486
172487;FCS72487
172488;FCS72488
172489;FCS72489
172490;FCS72490
172491;FCS72491
172492;FCS72492
172493;FCS72493
172494;FCS72494
172495;FCS72495
172496;FCS72496
172497;FCS72497
172498;FCS72498
172499;FCS72499
